TweetId,TweetTimestamp,EstimatedTimestamp,Error
7635061615,1263228157,1263215064,13093
28751200952,1288060268,1288065127,4859
14513636657,1274558540,1274560659,2119
4143229263,1253525587,1253527126,1539
9886774148,1267556544,1267555634,910
18438392996,1279029197,1279027391,1806
945799122,1223092225,1223099133,6908
14790586362,1274910816,1274910710,106
28940736426,1288225942,1288228504,2562
24899865159,1284863774,1284864935,1161
7458862835,1262822183,1262820097,2086
17049720944,1277506894,1277507188,294
7779738446,1263539690,1263539371,319
12517709735,1271772077,1271769885,2192
6096181685,1259278968,1259279546,578
21967150965,1282618409,1282621463,3054
10585319490,1268770044,1268769736,308
18081214640,1278640593,1278641161,568
17362648229,1277845500,1277847595,2095
22163599663,1282814563,1282812764,1799
8170386908,1264380173,1264377937,2236
14848179916,1274980850,1274980612,238
24206348029,1284221364,1284222572,1208
22591208411,1283233132,1283235497,2365
9742575875,1267299523,1267299748,225
22926906605,1283554220,1283555665,1445
3976606120,1252917537,1252914830,2707
26930994395,1286712225,1286707944,4281
9564534891,1266992062,1266997717,5655
20023579419,1280617258,1280627254,9996
2894242673,1248804715,1248802915,1800
24630527148,1284606908,1284611743,4835
16033581981,1276382133,1276386982,4849
18938503967,1279567596,1279569814,2218
20943473290,1281584471,1281591583,7112
6144224871,1259424813,1259420831,3982
22915391271,1283543406,1283543527,121
27001615027,1286769703,1286773763,4060
17495994170,1277994489,1277990935,3554
15129063369,1275336071,1275334210,1861
24172207792,1284184429,1284189334,4905
9271855396,1266473008,1266478271,5263
22584736589,1283226566,1283229226,2660
27808472687,1287469017,1287469379,362
8498346527,1265031150,1265012601,18549
15562199709,1275837876,1275835294,2582
15971883433,1276309023,1276310103,1080
15305904597,1275544106,1275548091,3985
12436953703,1271649694,1271653542,3848
21916313667,1282572205,1282570412,1793
3944688809,1252801686,1252801723,37
13958183326,1273813874,1273817845,3971
16876169506,1277325943,1277325824,119
14898947444,1275044793,1275043950,843
15715360579,1276012811,1276012209,602
7920634568,1263853129,1263853799,670
3935579701,1252770303,1252762793,7510
20568205596,1281203375,1281203671,296
13483842188,1273148025,1273144142,3883
3326229523,1250330719,1250330322,397
3156331867,1249518256,1249525306,7050
24697598187,1284671432,1284671623,191
27461815039,1287163098,1287162544,554
25572416741,1285488205,1285490600,2395
15946609068,1276279899,1276279867,32
2323273103,1245914192,1245912411,1781
18779628063,1279386676,1279387076,400
1200252325,1234384342,1234385262,920
3282210847,1250146929,1250148473,1544
17972427711,1278529802,1278527578,2224
12644090059,1271948928,1271948398,530
17240523073,1277718805,1277715056,3749
15687527167,1275977776,1275980526,2750
29474430202,1288707919,1288708712,793
9238709837,1266421428,1266415466,5962
27966430022,1287610629,1287609435,1194
17723740613,1278253944,1278251415,2529
16232860770,1276616077,1276613503,2574
13063219064,1272540175,1272534157,6018
1063306086,1229539219,1229535480,3739
8555391152,1265140253,1265120691,19562
25246273945,1285190473,1285190854,381
2600217973,1247416412,1247408082,8330
13763357580,1273544523,1273547470,2947
8027634229,1264082050,1264079740,2310
7751462473,1263483517,1263475988,7529
28640480564,1287964259,1287966049,1790
7284930835,1262395208,1262396524,1316
7738731031,1263449126,1263447449,1677
20418861704,1281049489,1281049428,61
3378441249,1250578844,1250580420,1576
25638469113,1285547314,1285547184,130
11819090616,1270727105,1270728207,1102
2769873401,1248228412,1248228356,56
20674034020,1281320998,1281322844,1846
11032360615,1269521584,1269516347,5237
12828491165,1272210933,1272212087,1154
1643886331,1240963037,1240962530,507
17477526419,1277970638,1277970392,246
21889296508,1282540878,1282542360,1482
12504898116,1271751189,1271751847,658
25419669037,1285345992,1285347506,1514
24798798520,1284764280,1284764871,591
25873720678,1285759342,1285758988,354
15443253117,1275686550,1275688260,1710
6242960554,1259692657,1259693995,1338
12286768722,1271429357,1271426734,2623
12316590893,1271468396,1271468438,42
13882298392,1273711171,1273712588,1417
21984818073,1282638719,1282639032,313
668444512,1201917592,1201919083,1491
1381379793,1237897205,1237897075,130
7108124868,1261966172,1261966912,740
24551752732,1284537960,1284535381,2579
2806457705,1248386151,1248388741,2590
8655257536,1265330361,1265309921,20440
27029836522,1286801093,1286800638,455
6525638876,1260432559,1260433252,693
3077915032,1249170382,1249170860,478
8737628314,1265492827,1265466000,26827
5936634250,1258860904,1258862531,1627
10741651884,1269033603,1269033878,275
20168470263,1280784135,1280782002,2133
7751519936,1263483628,1263476116,7512
8284073804,1264608165,1264604166,3999
26067554294,1285929239,1285926365,2874
18242912238,1278819115,1278820640,1525
17532588798,1278031527,1278031767,240
9977796099,1267716480,1267716477,3
16651229914,1277075642,1277075534,108
14979022881,1275144748,1275142831,1917
1535887665,1239908503,1239906595,1908
14415454042,1274430516,1274428320,2196
27206421274,1286940533,1286940531,2
22867761458,1283497961,1283496192,1769
1377320768,1237836547,1237834878,1669
18669018493,1279266820,1279269736,2916
2896545106,1248813193,1248813126,67
22288684317,1282933888,1282935762,1874
13489497842,1273155149,1273152250,2899
21370786572,1282015602,1282018754,3152
10843086705,1269213621,1269212178,1443
26468523678,1286293968,1286296786,2818
27045641199,1286812100,1286812862,762
19360300038,1279910220,1279910496,276
18383996753,1278970816,1278970182,634
2785494917,1248297479,1248298454,975
21797555870,1282445772,1282446171,399
14755033268,1274870613,1274866333,4280
2417889674,1246440164,1246442553,2389
24074655082,1284091400,1284093165,1765
19780807937,1280361518,1280367966,6448
16170686620,1276543651,1276543363,288
7837816309,1263673271,1263669558,3713
21919812491,1282575215,1282574044,1171
28946396760,1288230090,1288233378,3288
1852231374,1242770846,1242771446,600
22949172083,1283574488,1283579134,4646
21124202879,1281760645,1281772146,11501
26828736442,1286615473,1286616677,1204
27676382210,1287353497,1287354000,503
5708984765,1258206372,1258201449,4923
22810533934,1283443598,1283445129,1531
15858721597,1276184486,1276182294,2192
8064111220,1264153810,1264152783,1027
17723493909,1278253698,1278251098,2600
9052356937,1266060573,1266062358,1785
1782046532,1242195471,1242203038,7567
9903363173,1267581978,1267585530,3552
8210543989,1264459874,1264460775,901
858589475,1216087905,1216087892,13
2901282287,1248831682,1248834017,2335
25439841043,1285363374,1285363924,550
10933422320,1269362421,1269361930,491
19696650483,1280275386,1280278083,2697
2388148305,1246286482,1246282912,3570
16138593728,1276512916,1276507782,5134
1675018694,1241228188,1241228187,1
24390491088,1284390494,1284388869,1625
20459936476,1281093039,1281090873,2166
11180867520,1269753445,1269750608,2837
15183194416,1275404218,1275401528,2690
4029567269,1253109790,1253107937,1853
29681204316,1288888004,1288885478,2526
10391664466,1268430688,1268430976,288
12428244364,1271638997,1271640623,1626
28852829932,1288147430,1288152815,5385
11412875310,1270106775,1270105986,789
14948622369,1275100480,1275105148,4668
26950253150,1286727547,1286725649,1898
23003194886,1283632557,1283633280,723
4619015890,1254711107,1254717300,6193
13596785993,1273304392,1273306043,1651
6098447326,1259284685,1259286091,1406
13014740575,1272471147,1272468263,2884
18098433496,1278657827,1278658024,197
7027705582,1261730034,1261732358,2324
3172814458,1249611516,1249615716,4200
8904626727,1265814320,1265782434,31886
5391247803,1257255281,1257252342,2939
25047209628,1285006727,1285006335,392
8613986221,1265249193,1265231719,17474
1003327383,1226551579,1226552337,758
1966312836,1243643527,1243646342,2815
9676776018,1267189630,1267189799,169
1489343020,1239352858,1239357095,4237
2636135515,1247594827,1247591410,3417
14603063498,1274676781,1274682168,5387
5721622277,1258241689,1258241735,46
24768248773,1284737689,1284737207,482
15889346653,1276215747,1276215320,427
27195601807,1286933578,1286932406,1172
26407244995,1286236299,1286238084,1785
16897859154,1277348024,1277349714,1690
7730601471,1263433201,1263429226,3975
25785217857,1285681263,1285675768,5495
25796912731,1285689146,1285686775,2371
11715932742,1270584182,1270570195,13987
4902219374,1255651378,1255651759,381
7742958031,1263462796,1263456924,5872
18071643279,1278632350,1278631787,563
20612478017,1281252501,1281253887,1386
10367723739,1268393231,1268388889,4342
8332591911,1264702673,1264702850,177
28489397683,1287830500,1287825569,4931
4808102132,1255353035,1255347930,5105
19327056856,1279878395,1279875536,2859
25203307757,1285155308,1285149372,5936
4886019482,1255604119,1255605003,884
2109700175,1244675213,1244675694,481
3915492558,1252690167,1252690020,147
2192271738,1245160016,1245156258,3758
19371783194,1279922538,1279922571,33
3956828759,1252858512,1252856070,2442
7720547441,1263414007,1263406689,7318
13078997561,1272560440,1272556662,3778
2257880906,1245535355,1245535932,577
15801572610,1276116697,1276115266,1431
3891123148,1252601763,1252601111,652
10520813366,1268665026,1268662244,2782
18388507991,1278975297,1278975221,76
17332371633,1277818321,1277815180,3141
11644864897,1270480050,1270461336,18714
24989161827,1284949799,1284950813,1014
19049829495,1279686264,1279688472,2208
21999430961,1282655507,1282653003,2504
6987820645,1261627363,1261626787,576
5870781360,1258669315,1258673337,4022
16234768280,1276617683,1276615666,2017
25107153383,1285066396,1285064856,1540
2454781507,1246632944,1246627000,5944
14911545157,1275058747,1275059621,874
1828047882,1242586746,1242587403,657
19449638127,1280009327,1280009440,113
17864364184,1278420026,1278419672,354
11014739832,1269486574,1269488379,1805
4864658106,1255535166,1255532251,2915
14474912715,1274503770,1274507299,3529
4345986020,1253811059,1253811362,303
8704829906,1265423131,1265403852,19279
2011387027,1243994199,1243998917,4718
21938804201,1282593395,1282593272,123
26007623708,1285874408,1285875826,1418
8138629290,1264309757,1264315166,5409
5828330504,1258557007,1258555253,1754
1193223556,1234214233,1234216199,1966
14479467118,1274511075,1274513539,2464
24332317355,1284339016,1284337925,1091
22976721365,1283607770,1283607731,39
13681410233,1273429713,1273429849,136
25900556029,1285779595,1285780912,1317
24583926625,1284567570,1284566233,1337
5676034600,1258106779,1258106941,162
13157528638,1272671565,1272671145,420
961761727,1224124908,1224127382,2474
20719038271,1281369998,1281370756,758
18846343804,1279466534,1279465600,934
2297337903,1245777546,1245771649,5897
21687371619,1282330696,1282330651,45
4633655067,1254765851,1254764803,1048
5452958246,1257437608,1257437644,36
700636532,1202757433,1202759890,2457
21929177659,1282583605,1282583698,93
10330778879,1268327111,1268327794,683
7470843667,1262847369,1262846953,416
29035960662,1288310145,1288310466,321
11552844128,1270328468,1270320383,8085
25710339759,1285612115,1285612069,46
13877821312,1273705901,1273706409,508
4077502813,1253276824,1253272380,4444
17469781886,1277960459,1277961777,1318
26427369745,1286252091,1286257868,5777
16916470683,1277370577,1277370040,537
1013066641,1227110306,1227105767,4539
2238622451,1245421890,1245414248,7642
27218747483,1286952787,1286951752,1035
9268218956,1266466685,1266471381,4696
11700263081,1270563297,1270546193,17104
5253597431,1256801249,1256799940,1309
7239989215,1262278711,1262275722,2989
24462783668,1284458221,1284457820,401
1005344784,1226664593,1226660157,4436
21842819011,1282495394,1282493461,1933
19687440802,1280266254,1280268247,1993
9360953202,1266626753,1266626994,241
25472127872,1285390804,1285391168,364
1005055484,1226642073,1226645246,3173
26585857377,1286399956,1286400986,1030
13506665459,1273178016,1273176861,1155
28681173343,1288005831,1288004233,1598
19057811724,1279695573,1279696791,1218
2928294488,1248951711,1248950749,962
3428903024,1250780578,1250774479,6099
18457971383,1279046575,1279047705,1130
5961726709,1258938864,1258942414,3550
7220063911,1262230361,1262229893,468
16563956126,1276972146,1276973684,1538
26619575779,1286425718,1286430930,5212
17622413299,1278128598,1278130907,2309
22020183205,1282673204,1282672797,407
20417631547,1281048305,1281048115,190
17926981429,1278481351,1278481145,206
24353917736,1284351950,1284355810,3860
29008171802,1288286278,1288286564,286
9680018908,1267194791,1267195217,426
14420339772,1274439020,1274434594,4426
16281376340,1276662306,1276667881,5575
1727576308,1241707199,1241703145,4054
3520320306,1251148290,1251145958,2332
18164555509,1278728117,1278728918,801
26928135942,1286709034,1286705316,3718
5496024262,1257560078,1257560144,66
29338142852,1288581395,1288585294,3899
4933744703,1255748489,1255751709,3220
27403181063,1287110874,1287113043,2169
11734334065,1270608250,1270598381,9869
22048323594,1282699287,1282699764,477
28746227833,1288056692,1288060802,4110
27320250624,1287041947,1287043027,1080
19455707432,1280016575,1280016627,52
25912600887,1285790236,1285790752,516
26360694245,1286198114,1286193022,5092
1615050826,1240689166,1240685003,4163
8253707893,1264545567,1264545024,543
19798925571,1280377821,1280387316,9495
15261434697,1275494922,1275496095,1173
18348971682,1278936033,1278931058,4975
21321207371,1281970683,1281968968,1715
4076026236,1253269613,1253267441,2172
22576435167,1283219613,1283221183,1570
12176393471,1271268365,1271268238,127
20802724532,1281453696,1281451110,2586
21821240018,1282473547,1282470537,3010
13014909124,1272471349,1272468489,2860
16125628322,1276493160,1276493445,285
14315482192,1274301931,1274299870,2061
23126878551,1283758955,1283761002,2047
26194788598,1286041841,1286042893,1052
21784338425,1282432413,1282432879,466
7834148208,1263665631,1263661336,4295
14988599789,1275154688,1275154859,171
16234783462,1276617696,1276615683,2013
29573630119,1288792770,1288791222,1548
16686144645,1277119301,1277115524,3777
5145950722,1256474257,1256473749,508
2084226691,1244512225,1244516969,4744
6698394701,1260889881,1260889222,659
1951899899,1243545377,1243546718,1341
22911645323,1283539801,1283539710,91
2401841148,1246357773,1246356026,1747
7101955200,1261951971,1261950064,1907
16128613532,1276497330,1276496717,613
4832273886,1255431057,1255425575,5482
2569769498,1247241011,1247241170,159
19982560007,1280571338,1280583444,12106
7365179602,1262607500,1262607866,366
9310758264,1266541079,1266541150,71
17044640711,1277501052,1277501756,704
8035157694,1264095721,1264095810,89
8473104187,1264984305,1264964771,19534
5328317016,1257041157,1257046113,4956
15482041122,1275737894,1275738043,149
2798355410,1248357260,1248353845,3415
17579522814,1278083486,1278084313,827
25261210239,1285202907,1285204943,2036
9407411988,1266714999,1266716429,1430
9248688577,1266436818,1266434374,2444
26395685130,1286226889,1286226720,169
11034959908,1269525330,1269520718,4612
24857475987,1284823971,1284821436,2535
10905173164,1269312178,1269312119,59
15034179572,1275216549,1275212696,3853
12346458782,1271517904,1271514630,3274
14826878428,1274957903,1274954782,3121
16710122081,1277142396,1277142982,586
17682602535,1278198936,1278199875,939
7201800119,1262193030,1262190355,2675
12779226195,1272136786,1272140255,3469
5281181270,1256883709,1256882809,900
24517074418,1284505626,1284504995,631
15327213991,1275573942,1275568685,5257
28415480603,1287761665,1287759923,1742
6957662257,1261553006,1261557470,4464
7809860613,1263605369,1263606893,1524
28572423570,1287902169,1287902646,477
27461092809,1287162578,1287161935,643
27707104219,1287378740,1287383588,4848
4059939057,1253212113,1253211412,701
15999656244,1276346825,1276343883,2942
6448441133,1260234236,1260237970,3734
20890778021,1281537711,1281538937,1226
1999046875,1243909986,1243913008,3022
22718589233,1283356157,1283354075,2082
29048174721,1288319152,1288320972,1820
7604817913,1263157953,1263147270,10683
1320027375,1236915524,1236916170,646
14079684690,1273986522,1273990498,3976
13632756243,1273358848,1273358813,35
8873278050,1265753592,1265723033,30559
6656305289,1260779032,1260780982,1950
13160561673,1272675583,1272675629,46
13652260047,1273384315,1273387289,2974
10480968191,1268594236,1268592909,1327
6126009161,1259364814,1259365862,1048
2096028044,1244589739,1244590022,283
20697518828,1281349522,1281348822,700
26556185577,1286375373,1286374635,738
7440033139,1262783331,1262777889,5442
28448693420,1287789324,1287789102,222
5766455324,1258382770,1258379655,3115
27776683294,1287441989,1287441457,532
21178314210,1281820385,1281826207,5822
26939841700,1286720048,1286716078,3970
4154908077,1253565476,1253565133,343
4031436813,1253115466,1253115238,228
14571881433,1274639487,1274641112,1625
28792447372,1288101054,1288100824,230
28645250698,1287968018,1287970602,2584
1857428022,1242808900,1242805227,3673
26504085577,1286324071,1286328367,4296
27780538635,1287444728,1287444438,290
2270243533,1245620102,1245620550,448
27300433731,1287022097,1287025394,3297
7838686123,1263675033,1263671508,3525
5505801289,1257600157,1257596583,3574
16093116351,1276457995,1276458631,636
28641804782,1287965317,1287967313,1996
13423030799,1273062060,1273058385,3675
3393490278,1250638562,1250638530,32
24397432593,1284395734,1284395343,391
3800731311,1252254867,1252254706,161
11017911731,1269491189,1269492965,1776
9444624171,1266786579,1266784852,1727
25507934685,1285428804,1285426114,2690
25678035044,1285587248,1285583726,3522
11227956430,1269831432,1269822736,8696
4579301819,1254579318,1254575943,3375
7484968921,1262883986,1262878617,5369
17237156395,1277713639,1277711312,2327
12182531396,1271277088,1271277116,28
25040573540,1285000936,1284999873,1063
20034673724,1280629162,1280639103,9941
3285774695,1250169487,1250164032,5455
28058275187,1287693279,1287681607,11672
18672616467,1279271997,1279273668,1671
20711686057,1281363858,1281364048,190
10094837176,1267918957,1267919214,257
29333573194,1288577630,1288581070,3440
9163346044,1266282464,1266272664,9800
10809685266,1269152057,1269153733,1676
22613471035,1283259376,1283257068,2308
10313122931,1268294856,1268296935,2079
26732823209,1286530279,1286531500,1221
3714974278,1251912316,1251911609,707
17174150744,1277653128,1277653773,645
20858496192,1281502822,1281507006,4184
22465783266,1283114428,1283114573,145
13836343959,1273646469,1273649191,2722
5127749485,1256407510,1256404519,2991
12792192702,1272155806,1272159268,3462
5427245650,1257360659,1257361842,1183
21756872869,1282404548,1282405258,710
19555388341,1280128656,1280127210,1446
27999806179,1287638714,1287638224,490
16292907437,1276678456,1276680767,2311
5430735403,1257369803,1257372130,2327
1168037659,1233530767,1233530854,87
11857021257,1270778898,1270786307,7409
3378909937,1250581795,1250582185,390
7396955998,1262677496,1262676881,615
24006532307,1284036888,1284032064,4824
21458109917,1282101533,1282101867,334
12917834615,1272331846,1272336145,4299
25059745965,1285018588,1285018543,45
26388818503,1286220316,1286220084,232
6043075829,1259131133,1259131176,43
12905593261,1272317309,1272319596,2287
9526335584,1266933315,1266927887,5428
24949053613,1284914350,1284914877,527
5713258742,1258218843,1258216960,1883
8226373881,1264488847,1264493984,5137
28595329221,1287927275,1287923804,3471
21746393991,1282395385,1282394158,1227
27010639982,1286778873,1286782358,3485
13695076176,1273449355,1273449704,349
19795151113,1280374343,1280383285,8942
6690113617,1260863744,1260868131,4387
22942895010,1283568852,1283572518,3666
20672382758,1281319474,1281321018,1544
15053052519,1275238689,1275237541,1148
21711499981,1282355010,1282356333,1323
1266839853,1235945666,1235947769,2103
22122042358,1282772762,1282772027,735
6999347336,1261661520,1261656020,5500
19608308171,1280184617,1280183730,887
3477462054,1250969685,1250967002,2683
21419816099,1282065885,1282066889,1004
11562230848,1270343544,1270334762,8782
5983570300,1259000886,1259002873,1987
1415382641,1238378717,1238383214,4497
15207579064,1275431287,1275431482,195
2014895419,1244023347,1244025511,2164
27566035933,1287254693,1287255602,909
3988772724,1252962797,1252963269,472
28526860865,1287861059,1287861060,1
14740268321,1274846698,1274847903,1205
15013700107,1275186678,1275186386,292
6125949358,1259364660,1259365685,1025
28771460291,1288082272,1288082744,472
24826968153,1284789929,1284790301,372
15999977255,1276347211,1276344274,2937
28520900261,1287855765,1287855483,282
9298296697,1266522759,1266522114,645
7359936661,1262589738,1262595055,5317
11851123646,1270771355,1270777274,5919
17977246635,1278533726,1278532502,1224
20118580682,1280728926,1280728718,208
11846676105,1270765498,1270770461,4963
12782181109,1272141136,1272144588,3452
8620152094,1265260091,1265243402,16689
1652657359,1241039030,1241037736,1294
22522125455,1283173411,1283170296,3115
14025636733,1273909754,1273913713,3959
8867744839,1265744314,1265712549,31765
3989394890,1252964640,1252965552,912
13992509259,1273864429,1273866205,1776
22028358206,1282681408,1282680595,813
15263777158,1275497271,1275498834,1563
3911846666,1252679076,1252675162,3914
16365563189,1276751959,1276752184,225
9579800143,1267024745,1267023602,1143
1855106809,1242788244,1242789035,791
19501918521,1280070323,1280070103,220
2861173490,1248653762,1248654066,304
8498684057,1265031802,1265013240,18562
11977504044,1270965467,1270970857,5390
19573853301,1280151373,1280146931,4442
17534020584,1278032983,1278033373,390
8439492585,1264912480,1264901082,11398
15639802327,1275927403,1275925009,2394
22089554931,1282744017,1282740181,3836
5694878256,1258155779,1258156880,1101
13056086155,1272525654,1272523983,1671
10921568116,1269345317,1269340940,4377
6598518306,1260623145,1260619594,3551
1857464625,1242809386,1242805516,3870
1183351778,1233932554,1233928446,4108
13281884683,1272854516,1272853581,935
19338563174,1279891258,1279887637,3621
5632609680,1257981257,1257983634,2377
964553862,1224287018,1224289795,2777
21226652479,1281874419,1281874501,82
7636686232,1263231345,1263218706,12639
27202550648,1286938035,1286937624,411
22101849863,1282753745,1282752233,1512
14269043684,1274237872,1274237528,344
19456468186,1280017444,1280017528,84
18692068548,1279292343,1279293206,863
2394335775,1246313678,1246315246,1568
19554527264,1280127483,1280126290,1193
12587070379,1271869163,1271869015,148
5202764549,1256656631,1256645902,10729
9508756963,1266895471,1266896104,633
10286114299,1268250832,1268250516,316
24706176771,1284678958,1284678865,93
21448217441,1282092881,1282092831,50
18286010360,1278869263,1278868938,325
9046613646,1266044208,1266051475,7267
10189878167,1268085595,1268085285,310
28663346362,1287984066,1287987873,3807
3760801141,1252084116,1252084050,66
22938069388,1283564672,1283567431,2759
4033139935,1253120336,1253120359,23
13079132950,1272560618,1272556855,3763
2401380935,1246353443,1246353526,83
7469031415,1262842715,1262842891,176
2449452724,1246597227,1246599775,2548
14551189852,1274613518,1274613128,390
13444190842,1273089173,1273087865,1308
1103163255,1231373059,1231377735,4676
3531256596,1251188481,1251190021,1540
6040577874,1259123295,1259124255,960
12742711337,1272080313,1272087314,7001
16452502954,1276844898,1276847287,2389
20455930531,1281087746,1281086834,912
2052137648,1244270790,1244270670,120
6380304881,1260048686,1260047886,800
8751186464,1265516838,1265491690,25148
18249324901,1278825907,1278828343,2436
20006824486,1280597338,1280609359,12021
9798389814,1267400378,1267399671,707
21184663465,1281827164,1281832550,5386
5704522230,1258184973,1258185253,280
6559853631,1260515283,1260514960,323
3139619280,1249447757,1249456547,8790
16271874902,1276653399,1276657262,3863
15802284684,1276117456,1276116144,1312
26172007988,1286024462,1286022178,2284
10926722728,1269353302,1269350067,3235
1944433386,1243490248,1243490558,310
9891086733,1267563702,1267563791,89
27532133958,1287228028,1287224933,3095
14524554373,1274574226,1274575913,1687
20553411294,1281189704,1281186826,2878
7952463564,1263921386,1263921379,7
2252180564,1245501587,1245498094,3493
14321371406,1274309296,1274307788,1508
26704482223,1286500841,1286506332,5491
18063238809,1278623627,1278623556,71
21779398704,1282426962,1282427911,949
6562132649,1260524071,1260520860,3211
20456695378,1281088793,1281087605,1188
10642279172,1268865691,1268865311,380
3783903007,1252177910,1252176870,1040
14548141645,1274607930,1274608869,939
21124503531,1281760944,1281772446,11502
2826209683,1248470655,1248471716,1061
5735863141,1258291206,1258285657,5549
2871310219,1248706270,1248700343,5927
23033198980,1283662243,1283662548,305
10815582362,1269167045,1269164051,2994
21433805392,1282079900,1282079667,233
24815056069,1284778374,1284779548,1174
1438968875,1238686367,1238684653,1714
3079085469,1249175695,1249176437,742
5428788071,1257364742,1257366389,1647
8157006558,1264355985,1264353943,2042
27425483605,1287135085,1287131872,3213
5527836386,1257667768,1257667136,632
10763756546,1269070850,1269069720,1130
27344581047,1287065766,1287063631,2135
27348065014,1287068043,1287066567,1476
18765931164,1279373357,1279370777,2580
2927384332,1248945232,1248946902,1670
25570200719,1285485370,1285488366,2996
15263071707,1275496548,1275498009,1461
6807516836,1261168440,1261165340,3100
21797714301,1282445923,1282446330,407
5164852355,1256529507,1256531259,1752
21676394406,1282320866,1282319385,1481
2793806349,1248329599,1248334251,4652
13969117761,1273833502,1273833097,405
7197684328,1262184726,1262181446,3280
7286717294,1262399468,1262401546,2078
19545042817,1280116473,1280116161,312
11557778284,1270336742,1270327941,8801
18701691545,1279300215,1279302450,2235
13344742845,1272944433,1272944959,526
29240665591,1288493688,1288494037,349
21787847931,1282436136,1282436408,272
14689189822,1274790184,1274784932,5252
2090777152,1244562217,1244560194,2023
25780608088,1285677752,1285671429,6323
10263980405,1268213014,1268215255,2241
17771033892,1278309925,1278309948,23
3148633577,1249491744,1249493653,1909
27028327122,1286799831,1286799201,630
25655572947,1285560552,1285562885,2333
13749577278,1273528081,1273528125,44
12691827322,1272013203,1272014818,1615
15128268427,1275335031,1275333222,1809
10898065219,1269302934,1269301968,966
1600353704,1240541498,1240548182,6684
17509286470,1278006206,1278005721,485
19306165183,1279854290,1279854553,263
6551542973,1260495725,1260494265,1460
17982146800,1278537511,1278537508,3
19034483642,1279672073,1279672479,406
945099620,1223050374,1223046190,4184
20302414180,1280926751,1280925059,1692
7047597651,1261790389,1261790173,216
778169999,1206647525,1206648288,763
19286722921,1279835907,1279835851,56
10366600086,1268390589,1268386839,3750
11422060794,1270125693,1270120056,5637
15830219531,1276148776,1276150575,1799
9879668864,1267545177,1267542092,3085
19676031532,1280254319,1280256061,1742
28555929787,1287887174,1287887592,418
17463503887,1277954316,1277954794,478
9627015789,1267107170,1267106222,948
4111794160,1253400500,1253400885,385
1103802636,1231394591,1231398473,3882
19571354923,1280149094,1280144263,4831
7209688116,1262209171,1262207431,1740
9701787454,1267226461,1267231592,5131
18034007967,1278595530,1278594139,1391
7495743693,1262905485,1262902769,2716
25424639501,1285349779,1285351551,1772
7069541860,1261859410,1261859203,207
21448382694,1282093029,1282092982,47
3698318652,1251844046,1251844247,201
29388399864,1288629920,1288629963,43
13229833930,1272777533,1272777954,421
9782355431,1267374896,1267372911,1985
22010147666,1282664448,1282663225,1223
17074145149,1277533853,1277535286,1433
17236764842,1277713054,1277710877,2177
1195259112,1234269259,1234264615,4644
7320041002,1262489688,1262493602,3914
27528150072,1287223203,1287221232,1971
24780690697,1284747022,1284748524,1502
22787829649,1283424167,1283423864,303
8571119580,1265165926,1265150493,15433
9159991701,1266276990,1266266308,10682
7673545582,1263312485,1263301329,11156
23140063644,1283775583,1283774774,809
1042327916,1228590225,1228589834,391
17119428446,1277588262,1277588606,344
17554109565,1278054405,1278055904,1499
10245260804,1268179978,1268181938,1960
18579826656,1279172513,1279173910,1397
19080012239,1279722179,1279719927,2252
11781617968,1270667455,1270670808,3353
2179455447,1245082056,1245080725,1331
13989289669,1273860101,1273861588,1487
13062178866,1272538358,1272532673,5685
1829321387,1242595815,1242598116,2301
19465725680,1280027058,1280028490,1432
21009409922,1281650810,1281657459,6649
13487613021,1273152841,1273149548,3293
20207887267,1280825721,1280824101,1620
2050739100,1244254345,1244261046,6701
26616993616,1286423315,1286428636,5321
29289260858,1288540553,1288539991,562
26670833712,1286472759,1286476450,3691
21742932804,1282391419,1282390406,1013
2399823640,1246340843,1246345064,4221
24036551267,1284059791,1284059678,113
9510430252,1266897991,1266898657,666
5714096595,1258221121,1258220001,1120
17444325020,1277935086,1277934425,661
904829503,1220192513,1220187370,5143
14583637664,1274654969,1274656591,1622
11955837249,1270933428,1270937669,4241
16837035722,1277283851,1277281361,2490
5610913467,1257915982,1257921148,5166
2655592460,1247683346,1247684859,1513
14529242480,1274580211,1274582464,2253
26590281157,1286403709,1286404914,1205
10134959588,1267994217,1267992615,1602
26040752457,1285900422,1285903763,3341
11924846573,1270880884,1270890199,9315
6984787888,1261621036,1261619854,1182
15801407642,1276116516,1276115063,1453
5731170386,1258269292,1258269048,244
18678365061,1279279884,1279279952,68
2395968251,1246321517,1246324116,2599
21948621251,1282602692,1282603035,343
26380396012,1286211956,1286211979,23
22328428481,1282971261,1282975890,4629
3574153187,1251353079,1251357290,4211
11355671410,1270021471,1270018364,3107
1034263336,1228229682,1228221929,7753
5338205929,1257085599,1257084430,1169
5501524995,1257578042,1257580450,2408
20210708657,1280829809,1280827114,2695
20138705954,1280755234,1280750213,5021
21161693454,1281803035,1281809602,6567
28843324199,1288140508,1288144630,4122
25451804323,1285373778,1285373661,117
7301339164,1262444820,1262442647,2173
19842860431,1280424998,1280434240,9242
3452606815,1250871339,1250871510,171
19485465428,1280050225,1280051865,1640
1999522377,1243912915,1243916113,3198
3919366210,1252702339,1252703195,856
11666524776,1270509714,1270494514,15200
25797801678,1285689769,1285687612,2157
25805778862,1285695786,1285695121,665
5997755184,1259033903,1259041961,8058
2065147574,1244386797,1244383963,2834
13588672451,1273291199,1273294139,2940
4046145590,1253157707,1253157712,5
11507743605,1270253992,1270251301,2691
14257712394,1274225920,1274223086,2834
10983530236,1269443515,1269440368,3147
10079467526,1267892344,1267889429,2915
18658940939,1279254648,1279258721,4073
15737296717,1276036697,1276037973,1276
20968821933,1281613852,1281616908,3056
29140173536,1288401073,1288403682,2609
13208393299,1272747883,1272746348,1535
16289944283,1276673736,1276677456,3720
14851026496,1274984031,1274984086,55
5428461903,1257363881,1257365427,1546
28470014656,1287806758,1287807577,819
8594313003,1265215448,1265194441,21007
2757029481,1248179672,1248175745,3927
22542491771,1283189373,1283189218,155
19470656174,1280031870,1280034329,2459
17755279124,1278291751,1278291421,330
22873086508,1283505398,1283501473,3925
16874334575,1277324062,1277323740,322
8504552219,1265041846,1265024359,17487
21711383529,1282354901,1282356207,1306
24867612096,1284831845,1284831825,20
10503465463,1268629369,1268630060,691
29257036461,1288510616,1288509518,1098
26977682982,1286750940,1286750973,33
1894842407,1243099244,1243097077,2167
24850104421,1284818328,1284813881,4447
15253338138,1275487435,1275486523,912
870616950,1217257133,1217250645,6488
11112598118,1269641767,1269642401,634
13308754470,1272897630,1272892621,5009
4626680016,1254745396,1254744883,513
21289005806,1281934689,1281936796,2107
16494446430,1276891109,1276893971,2862
22280002598,1282926471,1282926996,525
8723012387,1265465623,1265438305,27318
10726275740,1269010907,1269008448,2459
24528125591,1284514403,1284514079,324
14038697910,1273932343,1273932436,93
3953024738,1252840493,1252839041,1452
9153819300,1266264067,1266254612,9455
8328012962,1264694968,1264695128,160
18215836283,1278787952,1278788114,162
12551971841,1271816527,1271818691,2164
19374238798,1279925150,1279925154,4
1796166503,1242316771,1242311614,5157
18692558107,1279292712,1279293676,964
22171751440,1282824307,1282820755,3552
27378334295,1287092066,1287092069,3
13951586879,1273805364,1273808643,3279
19050692874,1279687127,1279689372,2245
6359058200,1259983888,1259986824,2936
16072182727,1276436606,1276436214,392
24057145532,1284078074,1284077777,297
20549062892,1281185273,1281181874,3399
14487211196,1274525656,1274524149,1507
24468491813,1284465094,1284463358,1736
13376016391,1272995429,1272990985,4444
25306335245,1285248224,1285245998,2226
25614439075,1285526822,1285527231,409
18889651451,1279513429,1279516362,2933
15843761115,1276169246,1276166160,3086
14851859427,1274985025,1274985126,101
28416630930,1287762451,1287760966,1485
20682041115,1281328736,1281331701,2965
7982106054,1263982242,1263978352,3890
26163367667,1286014784,1286014322,462
25509423892,1285429848,1285427568,2280
19097260595,1279737794,1279737903,109
26569967709,1286385457,1286386875,1418
17244262476,1277724172,1277719214,4958
3420820335,1250741253,1250742757,1504
25129888659,1285084145,1285085169,1024
23121083204,1283751876,1283754949,3073
25006245432,1284967978,1284966443,1535
7117583445,1261989316,1261990804,1488
19281371225,1279830328,1279830703,375
25560148534,1285474768,1285478232,3464
21187235968,1281829971,1281835120,5149
2392233534,1246304568,1246304002,566
19302905952,1279851263,1279851417,154
4852902438,1255489467,1255495201,5734
18119748247,1278683822,1278680624,3198
10898980097,1269304163,1269303275,888
14505000060,1274547797,1274548592,795
26224418111,1286069610,1286070016,406
28505429077,1287844478,1287840792,3686
11158006294,1269717265,1269715590,1675
3081251248,1249185261,1249186757,1496
27496044252,1287191478,1287191442,36
2645874171,1247632946,1247638320,5374
16171788536,1276544834,1276544585,249
17367145798,1277850464,1277852418,1954
25167237313,1285116040,1285115639,401
13182610102,1272711321,1272708228,3093
21388598326,1282035551,1282036743,1192
5311162462,1256984595,1256979014,5581
11902697879,1270849282,1270856272,6990
25254285392,1285197528,1285198411,883
3629315474,1251569874,1251570113,239
7728999763,1263430263,1263425635,4628
5217361649,1256691888,1256689268,2620
21464582985,1282107961,1282107909,52
20407474066,1281032724,1281037266,4542
14189936559,1274138252,1274137719,533
25391608138,1285323631,1285322312,1319
4756684569,1255161387,1255161633,246
16333088075,1276720234,1276720334,100
24823288684,1284785823,1284786980,1157
1257512289,1235728216,1235731747,3531
26218933381,1286064830,1286064848,18
8199854321,1264440823,1264437963,2860
28543974344,1287877175,1287876680,495
4581004355,1254584649,1254582686,1963
5164077538,1256527438,1256528462,1024
7695389345,1263353091,1263350294,2797
21764464593,1282410935,1282412892,1957
16130216498,1276499767,1276498494,1273
3241318906,1249972098,1249974497,2399
13130483036,1272635872,1272631158,4714
25978056062,1285852645,1285849942,2703
29178941979,1288441838,1288441828,10
16809107116,1277251950,1277251095,855
25197263550,1285148128,1285143484,4644
23230949473,1283860905,1283835452,25453
18925929146,1279554969,1279556820,1851
14054631803,1273951657,1273955008,3351
19467687344,1280028962,1280030813,1851
19411547622,1279966262,1279966153,109
26680841716,1286481836,1286485337,3501
27420802510,1287128945,1287127920,1025
24708580243,1284680969,1284680894,75
6073160335,1259212743,1259214801,2058
29235703903,1288489446,1288489460,14
16654115162,1277079011,1277078839,172
13562470359,1273256398,1273256247,151
29179536618,1288442383,1288442327,56
27243994296,1286978694,1286974745,3949
7625520847,1263205940,1263193677,12263
19052196968,1279688656,1279690939,2283
25651189502,1285556857,1285558818,1961
5678395620,1258116218,1258113572,2646
18104368722,1278666149,1278664286,1863
5840706895,1258586244,1258589874,3630
11289425626,1269921261,1269916892,4369
15194707756,1275416008,1275415846,162
13334109073,1272931424,1272929460,1964
24712970585,1284684553,1284684698,145
8550545944,1265131644,1265111510,20134
16183155385,1276557299,1276557187,112
22583426944,1283225408,1283227957,2549
16771326935,1277213100,1277212228,872
4896358858,1255634665,1255635010,345
5902338182,1258756002,1258756150,148
14140636961,1274069750,1274075100,5350
17401140001,1277888076,1277888879,803
28864604071,1288159134,1288162953,3819
4999930996,1255984768,1255983935,833
17783380984,1278328374,1278324469,3905
26891750582,1286672424,1286672638,214
14837766888,1274970264,1274967985,2279
29102840018,1288369388,1288368795,593
13601294974,1273313812,1273312658,1154
24395245461,1284394063,1284393303,760
28440471381,1287782151,1287781978,173
23035639081,1283664777,1283665124,347
11074694284,1269580714,1269584126,3412
15665691792,1275955357,1275955670,313
27459130732,1287161191,1287160278,913
2713786748,1247961945,1247963086,1141
5409128356,1257300769,1257300757,12
14293264229,1274273450,1274270000,3450
18428016516,1279018278,1279016547,1731
18421907724,1279009410,1279010163,753
23982077242,1284008930,1284009629,699
1526962711,1239817716,1239812002,5714
8079514792,1264185178,1264183492,1686
14795575656,1274916591,1274916825,234
22822898051,1283454561,1283455834,1273
20270869177,1280889096,1280891367,2271
13899813161,1273734035,1273736758,2723
11979419549,1270969010,1270973791,4781
29467126316,1288702802,1288702455,347
4810359108,1255359876,1255356616,3260
28491885317,1287833329,1287827932,5397
23139323607,1283774819,1283774001,818
3367671441,1250539082,1250539858,776
21795441840,1282443772,1282444045,273
8112496592,1264257884,1264255285,2599
24046261441,1284069033,1284068211,822
9362865924,1266629769,1266629957,188
10084056268,1267899683,1267898314,1369
2385358956,1246266450,1246268512,2062
20241667549,1280860603,1280860179,424
24100366580,1284122095,1284117096,4999
14866528695,1275002944,1275003451,507
24227886235,1284241270,1284241888,618
5201463962,1256653306,1256642038,11268
20713189197,1281365095,1281365419,324
6069507009,1259203022,1259204546,1524
10228774333,1268154117,1268152008,2109
17705614279,1278227828,1278228152,324
29149805336,1288408765,1288413165,4400
4583189303,1254590885,1254590971,86
14952110917,1275104344,1275109432,5088
